Bathtub_1 -1.4721472263336182 -0.6091421246528625 -0.05000004172325134 1.4717069864273071 0.6091421246528625 1.2107398509979248
Bathtub_2 -0.9000672101974487 -0.3550732433795929 0.0 0.8999695777893066 0.3550732433795929 0.5740285515785217
Bathtub_3 -0.8900768160820007 -0.43584081530570984 1.2516975402832031e-06 0.9046899676322937 0.43363669514656067 0.553347110748291
Bed_1 -1.0597295761108398 -1.130837321281433 0.0005947884055785835 1.0301940441131592 1.1308374404907227 0.9569311141967773
Bed_2 -1.0281926393508911 -1.2156946659088135 -1.1920928955078125e-07 1.0726829767227173 1.2156946659088135 1.0020838975906372
Bed_3 -0.7035999894142151 -1.0290000438690186 1.018773764371872e-05 0.7234997749328613 1.028999924659729 0.7076917290687561
Bed_4 -0.8466536402702332 -1.0243356227874756 -0.0025777388364076614 0.8756534457206726 1.0243356227874756 0.9070810675621033
Bookshelf_1 -0.2409999966621399 -0.1550000160932541 0.0 0.2410000115633011 0.15599998831748962 2.200000047683716
Bookshelf_2 -0.30200934410095215 -0.15226703882217407 0.0 0.30200934410095215 0.15226703882217407 1.5007041692733765
Chair_1 -0.3197994530200958 -0.3644213080406189 -0.03274399787187576 0.31746503710746765 0.33365482091903687 1.2703982591629028
Chair_2 -0.3235224187374115 -0.3707848787307739 -0.0008474588394165039 0.35553064942359924 0.3662630319595337 1.2479803562164307
Chair_3 -0.3097493648529053 -0.32758498191833496 0.0006308555603027344 0.31451380252838135 0.3107414245605469 1.0359952449798584
Chair_4 -0.4558930993080139 -0.444771945476532 -1.7881393432617188e-07 0.3778749108314514 0.42406415939331055 0.8103281855583191
Chair_5 -0.25792521238327026 -0.26642364263534546 -0.0001157522201538086 0.25792521238327026 0.29073596000671387 0.8746640086174011
Chair_6 -0.25564876198768616 -0.25689175724983215 -0.0003139606851618737 0.255647748708725 0.25689175724983215 0.7704513072967529
Chair_7 -0.254811555147171 -0.260377436876297 0.0001521714439149946 0.254811555147171 0.2747328281402588 0.8529488444328308
Chair_8 -0.23499999940395355 -0.29088494181632996 -5.40273603633068e-08 0.23499999940395355 0.26911506056785583 0.8205329179763794
Closet_1 -0.44999998807907104 -0.2500000596046448 0.0 0.4500001072883606 0.25000011920928955 1.7400001287460327
Closet_2 -0.4096100926399231 -0.30264341831207275 -5.960464477539063e-08 0.4096100926399231 0.30264338850975037 0.8378894329071045
Closet_3 -1.0 -0.45632028579711914 0.0 1.0 0.45632031559944153 1.100000023841858
Closet_4 -0.6100003123283386 -0.3178453743457794 2.384185791015625e-07 0.610000491142273 0.30500075221061707 2.009999990463257
Counter_1 -0.6000000238418579 -0.2903214693069458 0.0 0.6000000238418579 0.24500001966953278 0.9199999570846558
Counter_2 -1.5372742414474487 -0.20592039823532104 -0.0019552111625671387 2.4222028255462646 0.4120802581310272 0.9280447959899902
Counter_3 -1.3700758218765259 -0.5444198846817017 -0.0027278936468064785 1.047462821006775 0.7233206629753113 0.8224520683288574
Counter_4 -1.2255136966705322 -0.775765061378479 -0.005848362576216459 1.2255138158798218 0.6186051964759827 1.2875466346740723
Counter_5 -0.554780125617981 -0.48150497674942017 0.0 0.5547767877578735 0.03561978042125702 2.0191938877105713
Curtain_1 -1.352508783340454 -1.133765459060669 0.19601218402385712 1.3525052070617676 -0.7984752655029297 2.0173678398132324
Curtain_2 -0.894673764705658 -0.007168262731283903 0.1251097023487091 0.8965033888816833 0.20974573493003845 2.1247377395629883
Curtain_3 -1.3525069952011108 -0.09418762475252151 0.1023552417755127 1.3525069952011108 0.14193257689476013 2.220210552215576
Dante_chair -0.25792521238327026 -0.26642364263534546 -0.0001157522201538086 0.25792521238327026 0.29073596000671387 0.8746640086174011
Desk_1 -0.6440776586532593 -0.4141652286052704 -0.0003139972686767578 0.6440776586532593 0.4141652286052704 0.7704513072967529
Desk_2 -1.0292723178863525 -0.624809205532074 2.7298927307128906e-05 1.0292723178863525 0.6248091459274292 1.0024096965789795
Desk_3 -0.6293817162513733 -0.5007975697517395 1.3776543994481472e-07 0.6293817162513733 0.5012059211730957 0.8201454877853394
Desk_4 -0.647778332233429 -0.3922897279262543 -0.0001157522201538086 0.6477782130241394 0.39228978753089905 0.8746640086174011
Desk_5 -0.739977240562439 -0.333051860332489 0.0 0.739977240562439 0.3169480860233307 0.7706338167190552
Desk_6 -1.1160001754760742 -1.0450000762939453 0.0 0.11599999666213989 0.15779995918273926 0.7480001449584961
Desk_7 -1.1160001754760742 -1.0450000762939453 0.0 0.11599999666213989 0.15779995918273926 0.7480001449584961
Diningtable_1 -2.1000001430511475 -0.9037476181983948 -0.00044938913197256625 1.422684669494629 0.8497982621192932 0.9699999690055847
Diningtable_2 -0.9529092311859131 -1.3543463945388794 0.0003083944320678711 0.9529093503952026 1.3543462753295898 1.2075254917144775
Diningtable_3 -0.7701488137245178 -0.5679951310157776 0.00034200894879177213 0.7701488733291626 0.5603057742118835 0.9713956117630005
ElectricalAppliance_1 -0.4572000503540039 -0.4900374412536621 0.0023633837699890137 0.45810550451278687 0.4900374412536621 1.8252345323562622
ElectricalAppliance_2 -0.45492100715637207 -0.37256181240081787 0.0 0.45492100715637207 0.37256181240081787 1.8382127285003662
ElectricalAppliance_3 -0.4175000786781311 -0.4226418733596802 -0.0013602972030639648 0.4175000786781311 0.4226418733596802 1.9049997329711914
Gambe_chair -0.25564876198768616 -0.25689175724983215 -0.0003139606851618737 0.255647748708725 0.25689175724983215 0.7704513072967529
Maxime_chair -0.254811555147171 -0.260377436876297 0.0001521714439149946 0.254811555147171 0.2747328281402588 0.8529488444328308
Picture_1 -0.2540000081062317 -0.01340954378247261 1.399999976158142 0.2540000081062317 0.01340954564511776 2.0095999240875244
Picture_2 -0.29799994826316833 -0.015201699919998646 1.5068000555038452 0.29799994826316833 0.015201699919998646 1.9027999639511108
Picture_3 -1.3309255838394165 -0.015000161714851856 0.8238742351531982 1.3309255838394165 0.01500016264617443 2.585725784301758
Picture_4 -0.21450002491474152 -0.0060000065714120865 1.5608611106872559 0.21450002491474152 0.0060000065714120865 1.8486387729644775
Picture_5 -0.5797553062438965 -0.015692221000790596 1.0128552913665771 0.5797553062438965 0.01569220796227455 2.392524242401123
Picture_6 -0.7506040334701538 -0.010082310996949673 1.2047998905181885 0.7506040334701538 0.010082310996949673 2.2048001289367676
Picture_7 -0.2540000081062317 -0.013409517705440521 1.4000000953674316 0.2540000081062317 0.013409516774117947 2.0095999240875244
Picture_8 -0.33500000834465027 -0.01500007975846529 1.2547999620437622 0.33500000834465027 0.015000080689787865 2.1547999382019043
Porto_chair -0.23499999940395355 -0.29088494181632996 -5.40273603633068e-08 0.23499999940395355 0.26911506056785583 0.8205329179763794
Shower_1 -0.5065522789955139 -0.5065522789955139 0.0 0.5065522789955139 0.5065522789955139 2.1475069522857666
Sink_1 -0.20911423861980438 -0.13148565590381622 0.7483097314834595 0.20911432802677155 0.13228988647460938 1.0516903400421143
Sink_2 -0.27281272411346436 -0.2470102310180664 0.6317744851112366 0.8124620914459229 0.2470102310180664 1.105637788772583
Sofa_1 -1.1000001430511475 -0.4893685579299927 -0.0013983547687530518 1.1000001430511475 0.4893685579299927 0.9801468253135681
Sofa_2 -1.5189086198806763 -0.7967981100082397 0.010318964719772339 1.5189086198806763 0.7878238558769226 0.8928284645080566
Sofa_3 -1.1909748315811157 -0.614093542098999 0.0014496967196464539 1.1737810373306274 0.4322923421859741 0.9896971583366394
Sofa_4 -1.1400001049041748 -0.5624607801437378 -3.8743019104003906e-07 1.1400001049041748 0.5596060752868652 0.9980608820915222
Sofa_5 -1.1392937898635864 -0.46574530005455017 0.00010238587856292725 1.1462504863739014 0.4962846338748932 0.8500406742095947
Sofa_6 -1.0000001192092896 -0.4500000774860382 3.0382454951904947e-06 1.0000001192092896 0.4500000774860382 1.0100922584533691
Table_1 -0.24515016376972198 -0.2459377944469452 5.960464477539063e-08 0.24515016376972198 0.2459377944469452 0.5377647280693054
Table_10 -0.19254076480865479 -0.19254076480865479 3.108363671344705e-06 0.19254076480865479 0.1925407499074936 0.464988648891449
Table_2 -0.2311026006937027 -0.2311026006937027 0.000354766845703125 0.2311026006937027 0.2311026006937027 0.5520340800285339
Table_3 -0.7948760986328125 -0.7948760986328125 0.0 0.7948760986328125 0.7948760986328125 0.7420071363449097
Table_4 -0.49605420231819153 -0.5410177707672119 0.0025970637798309326 0.518717348575592 0.4782513976097107 0.551239013671875
Table_5 -0.6000000238418579 -0.27500003576278687 -7.003227153745684e-08 0.6000000238418579 0.27500006556510925 0.7199999094009399
Table_6 -0.6205523014068604 -0.26977065205574036 -0.0011800825595855713 0.7794477939605713 0.2302296757698059 0.6733458042144775
Table_7 -0.5996241569519043 -0.29961326718330383 0.005054116249084473 0.5996241569519043 0.29961326718330383 0.6144381761550903
Table_8 -0.5130167603492737 -0.5130167603492737 -0.0005057156085968018 0.5130167603492737 0.5130167603492737 0.5300000309944153
Table_9 -0.551591694355011 -0.551591694355011 0.004258960485458374 0.551591694355011 0.551591694355011 0.9736741781234741
Toilet_1 -0.21069329977035522 -0.39683306217193604 0.0002810060977935791 0.20331554114818573 0.3200559616088867 0.766478955745697
Toilet_2 -0.1946982890367508 -0.41250860691070557 -2.9802322387695312e-08 0.1946982890367508 0.2769255042076111 0.7540388703346252
Toilet_3 -0.2268982231616974 -0.42445269227027893 -1.1920928955078125e-07 0.2240649163722992 0.2572139799594879 0.7730018496513367
Toilet_4 -0.1784781962633133 -0.23639941215515137 0.0 0.1784781962633133 0.25310423970222473 0.41879919171333313
Toilet_5 -0.18447531759738922 -0.33000004291534424 0.0 0.18447531759738922 0.33000004291534424 0.7746866941452026